image: vacant_lot.pgm
image: vacant_lot_raw.pgm
resolution: 0.050000
origin: [-8.500000, -11.200000, 0.000000]
negate: 0
occupied_thresh: 0.65
free_thresh: 0.196

